1001002225000001335000209150
1002001780000001068000167320
1003002225000001335000209150
1004000357000000107100034629
1005001408000000633600134464
1006002225000001335000209150
1007002012500001207500189175
1008001780000001068000167320
1009000372000000111600036084
1010002225000001335000209150
1011004071000003663900370461
1012004000000003600000364000
1013007522500009027000661980
1014004232000003808800385112
1015004000000003600000364000
1016007522500009027000661980
1017000480000000144000046560
1018000268750000080600026069
1019004000000003600000364000
1020004232000003808800385112
1021007522500009027000661980
1022002670000002002500246975
1023000360000000108000034920
1024004232000003808800385112
1025000360000000108000034920
1026007522500009027000661980
1027002673750002005300247322
1028000360000000108000034920
1035005531250006637500486750
1036002100000001260000197400
1037002673750002005300247322
1038002747500002060600254144
1039000238000000071400023086
1040000820000000246000079540