1001022250000133500209150
1004003570000010710034629
1005014080000063360134464
1007020125000120750189175
1008017800000106800167320
1009003720000011160036084
1011040710000366390370461
1015040000000360000364000
1017004800000014400046560
1018002687500008060026069
1021075225000902700661980
1022026700000200250246975
1023003600000010800034920
1024042320000380880385112
1035055312500663750486750
1036021000000126000197400
1037026737500200530247322
1038027475000206060254144
1039002380000007140023086
1042008200000024600079540
1045080000000720000728000
1055075225000902700661980
1057009600000028800093120
1068005375000016120052138
1069040000000360000364000
1072042320000380880385112