4663410302
7075117621
0082112740
2508215749
4630319567
9218315081
5583101766
7444301807
7804406876
4663205438
5192300856
0219319436
5207420587
8202411184
9065218319
4663212379
8941214454
0082410995
7644116581
4663114116
1842212578
5829317393
5107406113
6143219591
5263311816
8140309743
2855213407
4967111497
0899113629
9596217346
8638200270
7603211903
1973420590
5233411530
2681117840
3950218207
8738120241
8698211708
9060218121
0082109953
4052520927
8418409795
7933319960
1893020380
0082207156
9642218519
9096215487
7544408721
8426017034
0657504967
3139307792
3211410453
4186214572
3139403885
6278703934
6151410061
6975109389
3139112936
1278318364
0782217979
2408113643
5483119171
7344209378
3139311657
5092211841
0065412934
8841418152
1742413324
5729001100