1001004450000002670000418300
1002001780000001068000167320
1003002225000001335000209150
1004000714000000214200069258
1005002816000001267200268928
1006002225000001335000209150
1007004025000002415000378350
1008003560000002136000334640
1009000744000000223200072168
1010002225000001335000209150
1011008142000007327800740922
1012004000000003600000364000
1013007522500009027000661980
1014004232000003808800385112
1015008000000007200000728000
1016007522500009027000661980
1017000960000000288000093120
1018000537500000161200052138
1019004000000003600000364000
1020004232000003808800385112
1021015045000018054001323960
1022005340000004005000493950
1023000720000000216000069840
1024008464000007617600770224
1025000360000000108000034920
1026007522500009027000661980
1027002673750002005300247322
1028000360000000108000034920
1035011062500013275000973500
1036004200000002520000394800
1037005347500004010600494644
1038005495000004121200508288
1039000476000000142800046172
1040000820000000246000079540
